Id	Population	ResidenceTime	NumPrey	NumPredators	Time	ExpTime	Eaten	NonEaten	Alive	Dead	Attacked	NonAttacked	FemaleToMaleRatio	MeanBodyMass
AnPa11	AnPa	21	1	1	9h00	1	1	0	0	1	1	0	0	0.0084
AnPa11	AnPa	21	1	1	17h00	10	1	0	0	1	1	0	0	0.0084
AnPa11	AnPa	21	1	1	17h00	8	1	0	0	1	1	0	0	0.0084
AnPa11	AnPa	21	1	1	9h00	7	1	0	0	1	1	0	0	0.0084
AnPa11	AnPa	21	1	1	9h00	9	1	0	0	1	1	0	0	0.0084
AnPa11	AnPa	21	1	1	9h00	5	1	0	0	1	1	0	0	0.0084
AnPa11	AnPa	21	1	1	17h00	4	1	0	0	1	1	0	0	0.0084
AnPa11	AnPa	21	1	1	17h00	6	1	0	0	1	1	0	0	0.0084
AnPa11	AnPa	21	1	1	17h00	2	1	0	0	1	1	0	0	0.0084
AnPa11	AnPa	21	1	1	9h00	3	1	0	0	1	1	0	0	0.0084
AnPa121	AnPa	21	1	20	9h00	1	1	0	0	1	1	0	0.476190476	0.007290476
AnPa121	AnPa	21	1	20	17h00	2	1	0	0	1	1	0	0.476190476	0.007290476
AnPa121	AnPa	21	1	20	17h00	8	1	0	0	1	1	0	0.476190476	0.007290476
AnPa121	AnPa	21	1	20	9h00	9	1	0	0	1	1	0	0.476190476	0.007290476
AnPa121	AnPa	21	1	20	9h00	5	1	0	0	1	1	0	0.476190476	0.007290476
AnPa121	AnPa	21	1	20	17h00	6	1	0	0	1	1	0	0.476190476	0.007290476
AnPa121	AnPa	21	1	20	17h00	4	1	0	0	1	1	0	0.476190476	0.007290476
AnPa121	AnPa	21	1	20	9h00	3	1	0	0	1	1	0	0.476190476	0.007290476
AnPa121	AnPa	21	1	20	17h00	10	1	0	0	1	1	0	0.476190476	0.007290476
AnPa121	AnPa	21	1	20	9h00	7	1	0	0	1	1	0	0.476190476	0.007290476
AnPa15	AnPa	21	1	5	9h00	1	1	0	0	1	1	0	0.4	0.00774
AnPa15	AnPa	21	1	5	17h00	8	1	0	0	1	1	0	0.4	0.00774
AnPa15	AnPa	21	1	5	9h00	5	1	0	0	1	1	0	0.4	0.00774
AnPa15	AnPa	21	1	5	17h00	2	1	0	0	1	1	0	0.4	0.00774
AnPa15	AnPa	21	1	5	17h00	4	1	0	0	1	1	0	0.4	0.00774
AnPa15	AnPa	21	1	5	9h00	9	1	0	0	1	1	0	0.4	0.00774
AnPa15	AnPa	21	1	5	17h00	10	1	0	0	1	1	0	0.4	0.00774
AnPa15	AnPa	21	1	5	17h00	6	1	0	0	1	1	0	0.4	0.00774
AnPa15	AnPa	21	1	5	9h00	7	1	0	0	1	1	0	0.4	0.00774
AnPa15	AnPa	21	1	5	9h00	3	1	0	0	1	1	0	0.4	0.00774
AnPa150	AnPa	21	1	50	17h00	2	1	0	0	1	1	0	0.5	0.006997959
AnPa150	AnPa	21	1	50	9h00	1	1	0	0	1	1	0	0.5	0.006997959
AnPa150	AnPa	21	1	50	9h00	3	1	0	0	1	1	0	0.5	0.006997959
AnPa150	AnPa	21	1	50	9h00	9	1	0	0	1	1	0	0.5	0.006997959
AnPa150	AnPa	21	1	50	17h00	8	1	0	0	1	1	0	0.5	0.006997959
AnPa150	AnPa	21	1	50	17h00	10	1	0	0	1	1	0	0.5	0.006997959
AnPa150	AnPa	21	1	50	17h00	6	1	0	0	1	1	0	0.5	0.006997959
AnPa150	AnPa	21	1	50	9h00	5	1	0	0	1	1	0	0.5	0.006997959
AnPa150	AnPa	21	1	50	9h00	7	1	0	0	1	1	0	0.5	0.006997959
AnPa150	AnPa	21	1	50	17h00	4	1	0	0	1	1	0	0.5	0.006997959
AnPa201	AnPa	21	20	1	9h00	7	3	17	16	4	4	16	0	0.0087
AnPa201	AnPa	21	20	1	17h00	6	2	18	17	3	3	17	0	0.0087
AnPa201	AnPa	21	20	1	17h00	4	2	18	18	2	3	17	0	0.0087
AnPa201	AnPa	21	20	1	9h00	3	2	18	18	2	2	18	0	0.0087
AnPa201	AnPa	21	20	1	9h00	5	2	18	17	3	3	17	0	0.0087
AnPa201	AnPa	21	20	1	9h00	1	0	20	20	0	0	20	0	0.0087
AnPa201	AnPa	21	20	1	17h00	10	3	17	16	4	4	16	0	0.0087
AnPa201	AnPa	21	20	1	17h00	2	1	19	19	1	1	19	0	0.0087
AnPa201	AnPa	21	20	1	17h00	8	3	17	16	4	4	16	0	0.0087
AnPa201	AnPa	21	20	1	9h00	9	3	17	16	4	4	16	0	0.0087
AnPa2019	AnPa	21	20	20	9h00	7	14	6	6	14	14	6	0.631578947	0.008678947
AnPa2019	AnPa	21	20	20	17h00	8	14	6	6	14	14	6	0.631578947	0.008678947
AnPa2019	AnPa	21	20	20	17h00	4	6	14	11	9	11	9	0.631578947	0.008678947
AnPa2019	AnPa	21	20	20	9h00	5	10	10	7	13	13	7	0.631578947	0.008678947
AnPa2019	AnPa	21	20	20	9h00	1	5	15	15	5	6	14	0.631578947	0.008678947
AnPa2019	AnPa	21	20	20	17h00	2	6	14	14	6	8	12	0.631578947	0.008678947
AnPa2019	AnPa	21	20	20	17h00	10	14	6	6	14	14	6	0.631578947	0.008678947
AnPa2019	AnPa	21	20	20	9h00	9	14	6	6	14	14	6	0.631578947	0.008678947
AnPa2019	AnPa	21	20	20	17h00	6	11	9	7	13	14	6	0.631578947	0.008678947
AnPa2019	AnPa	21	20	20	9h00	3	6	14	11	9	9	11	0.631578947	0.008678947
AnPa205	AnPa	21	20	5	9h00	7	3	17	10	10	15	5	0.4	0.0085
AnPa205	AnPa	21	20	5	17h00	4	2	18	16	4	11	9	0.4	0.0085
AnPa205	AnPa	21	20	5	9h00	1	1	19	18	2	6	14	0.4	0.0085
AnPa205	AnPa	21	20	5	17h00	8	4	16	8	12	15	5	0.4	0.0085
AnPa205	AnPa	21	20	5	17h00	10	4	16	8	12	15	5	0.4	0.0085
AnPa205	AnPa	21	20	5	9h00	5	2	18	11	9	11	9	0.4	0.0085
AnPa205	AnPa	21	20	5	17h00	6	2	18	11	9	12	8	0.4	0.0085
AnPa205	AnPa	21	20	5	17h00	2	1	19	18	2	8	12	0.4	0.0085
AnPa205	AnPa	21	20	5	9h00	3	1	19	18	2	11	9	0.4	0.0085
AnPa205	AnPa	21	20	5	9h00	9	4	16	8	12	15	5	0.4	0.0085
AnPa2050	AnPa	21	20	50	17h00	8	19	1	1	19	20	0	0.5	0.008144898
AnPa2050	AnPa	21	20	50	9h00	7	19	1	1	19	20	0	0.5	0.008144898
AnPa2050	AnPa	21	20	50	9h00	9	19	1	1	19	20	0	0.5	0.008144898
AnPa2050	AnPa	21	20	50	9h00	5	17	3	3	17	18	2	0.5	0.008144898
AnPa2050	AnPa	21	20	50	17h00	4	16	4	4	16	18	2	0.5	0.008144898
AnPa2050	AnPa	21	20	50	17h00	6	17	3	3	17	18	2	0.5	0.008144898
AnPa2050	AnPa	21	20	50	17h00	2	13	7	7	13	15	5	0.5	0.008144898
AnPa2050	AnPa	21	20	50	9h00	1	12	8	8	12	15	5	0.5	0.008144898
AnPa2050	AnPa	21	20	50	9h00	3	16	4	4	16	17	3	0.5	0.008144898
AnPa2050	AnPa	21	20	50	17h00	10	19	1	1	19	20	0	0.5	0.008144898
AnPa51	AnPa	21	5	1	17h00	4	1	4	3	2	2	3	1	0.008
AnPa51	AnPa	21	5	1	9h00	3	1	4	3	2	2	3	1	0.008
AnPa51	AnPa	21	5	1	9h00	1	1	4	4	1	1	4	1	0.008
AnPa51	AnPa	21	5	1	17h00	10	2	3	2	3	3	2	1	0.008
AnPa51	AnPa	21	5	1	17h00	2	1	4	4	1	2	3	1	0.008
AnPa51	AnPa	21	5	1	17h00	8	1	4	3	2	3	2	1	0.008
AnPa51	AnPa	21	5	1	9h00	7	1	4	3	2	3	2	1	0.008
AnPa51	AnPa	21	5	1	9h00	9	2	3	2	3	3	2	1	0.008
AnPa51	AnPa	21	5	1	9h00	5	1	4	3	2	3	2	1	0.008
AnPa51	AnPa	21	5	1	17h00	6	1	4	3	2	3	2	1	0.008
AnPa520	AnPa	21	5	20	17h00	4	4	1	1	4	4	1	0.6	0.008495
AnPa520	AnPa	21	5	20	9h00	5	4	1	1	4	4	1	0.6	0.008495
AnPa520	AnPa	21	5	20	9h00	1	4	1	1	4	4	1	0.6	0.008495
AnPa520	AnPa	21	5	20	17h00	2	4	1	1	4	4	1	0.6	0.008495
AnPa520	AnPa	21	5	20	17h00	8	5	0	0	5	5	0	0.6	0.008495
AnPa520	AnPa	21	5	20	9h00	9	5	0	0	5	5	0	0.6	0.008495
AnPa520	AnPa	21	5	20	9h00	7	5	0	0	5	5	0	0.6	0.008495
AnPa520	AnPa	21	5	20	17h00	6	5	0	0	5	5	0	0.6	0.008495
AnPa520	AnPa	21	5	20	9h00	3	4	1	1	4	4	1	0.6	0.008495
AnPa520	AnPa	21	5	20	17h00	10	5	0	0	5	5	0	0.6	0.008495
AnPa55	AnPa	21	5	5	17h00	4	1	4	4	1	2	3	0.2	0.008
AnPa55	AnPa	21	5	5	9h00	1	1	4	4	1	1	4	0.2	0.008
AnPa55	AnPa	21	5	5	17h00	8	2	3	3	2	2	3	0.2	0.008
AnPa55	AnPa	21	5	5	9h00	5	2	3	3	2	2	3	0.2	0.008
AnPa55	AnPa	21	5	5	9h00	7	2	3	3	2	2	3	0.2	0.008
AnPa55	AnPa	21	5	5	17h00	2	1	4	4	1	1	4	0.2	0.008
AnPa55	AnPa	21	5	5	9h00	3	1	4	4	1	2	3	0.2	0.008
AnPa55	AnPa	21	5	5	9h00	9	2	3	3	2	2	3	0.2	0.008
AnPa55	AnPa	21	5	5	17h00	10	2	3	3	2	2	3	0.2	0.008
AnPa55	AnPa	21	5	5	17h00	6	2	3	3	2	2	3	0.2	0.008
AnPa550	AnPa	21	5	50	9h00	5	5	0	0	5	5	0	0.32	0.007410204
AnPa550	AnPa	21	5	50	17h00	4	5	0	0	5	5	0	0.32	0.007410204
AnPa550	AnPa	21	5	50	17h00	6	5	0	0	5	5	0	0.32	0.007410204
AnPa550	AnPa	21	5	50	17h00	2	5	0	0	5	5	0	0.32	0.007410204
AnPa550	AnPa	21	5	50	9h00	1	5	0	0	5	5	0	0.32	0.007410204
AnPa550	AnPa	21	5	50	9h00	3	5	0	0	5	5	0	0.32	0.007410204
AnPa550	AnPa	21	5	50	9h00	9	5	0	0	5	5	0	0.32	0.007410204
AnPa550	AnPa	21	5	50	17h00	8	5	0	0	5	5	0	0.32	0.007410204
AnPa550	AnPa	21	5	50	17h00	10	5	0	0	5	5	0	0.32	0.007410204
AnPa550	AnPa	21	5	50	9h00	7	5	0	0	5	5	0	0.32	0.007410204
Cat11	Cat	36	1	1	10h00	1	1	0	0	1	1	0	1	0.0092
Cat11	Cat	36	1	1	18h00	10	1	0	0	1	1	0	1	0.0092
Cat11	Cat	36	1	1	10h00	9	1	0	0	1	1	0	1	0.0092
Cat11	Cat	36	1	1	18h00	8	1	0	0	1	1	0	1	0.0092
Cat11	Cat	36	1	1	10h00	7	1	0	0	1	1	0	1	0.0092
Cat11	Cat	36	1	1	18h00	6	1	0	0	1	1	0	1	0.0092
Cat11	Cat	36	1	1	10h00	5	1	0	0	1	1	0	1	0.0092
Cat11	Cat	36	1	1	18h00	4	1	0	0	1	1	0	1	0.0092
Cat11	Cat	36	1	1	10h00	3	1	0	0	1	1	0	1	0.0092
Cat11	Cat	36	1	1	18h00	2	1	0	0	1	1	0	1	0.0092
Cat120	Cat	36	1	20	10h00	1	1	0	0	1	1	0	0.25	0.007215
Cat120	Cat	36	1	20	10h00	9	1	0	0	1	1	0	0.25	0.007215
Cat120	Cat	36	1	20	18h00	8	1	0	0	1	1	0	0.25	0.007215
Cat120	Cat	36	1	20	18h00	6	1	0	0	1	1	0	0.25	0.007215
Cat120	Cat	36	1	20	10h00	5	1	0	0	1	1	0	0.25	0.007215
Cat120	Cat	36	1	20	10h00	3	1	0	0	1	1	0	0.25	0.007215
Cat120	Cat	36	1	20	18h00	2	1	0	0	1	1	0	0.25	0.007215
Cat120	Cat	36	1	20	18h00	10	1	0	0	1	1	0	0.25	0.007215
Cat120	Cat	36	1	20	10h00	7	1	0	0	1	1	0	0.25	0.007215
Cat120	Cat	36	1	20	18h00	4	1	0	0	1	1	0	0.25	0.007215
Cat15	Cat	36	1	5	18h00	8	1	0	0	1	1	0	0.4	0.00748
Cat15	Cat	36	1	5	10h00	5	1	0	0	1	1	0	0.4	0.00748
Cat15	Cat	36	1	5	18h00	2	1	0	0	1	1	0	0.4	0.00748
Cat15	Cat	36	1	5	10h00	1	1	0	0	1	1	0	0.4	0.00748
Cat15	Cat	36	1	5	18h00	10	1	0	0	1	1	0	0.4	0.00748
Cat15	Cat	36	1	5	10h00	9	1	0	0	1	1	0	0.4	0.00748
Cat15	Cat	36	1	5	10h00	7	1	0	0	1	1	0	0.4	0.00748
Cat15	Cat	36	1	5	18h00	6	1	0	0	1	1	0	0.4	0.00748
Cat15	Cat	36	1	5	18h00	4	1	0	0	1	1	0	0.4	0.00748
Cat15	Cat	36	1	5	10h00	3	1	0	0	1	1	0	0.4	0.00748
Cat150	Cat	36	1	50	18h00	2	1	0	0	1	1	0	0.26	0.006712245
Cat150	Cat	36	1	50	10h00	1	1	0	0	1	1	0	0.26	0.006712245
Cat150	Cat	36	1	50	18h00	10	1	0	0	1	1	0	0.26	0.006712245
Cat150	Cat	36	1	50	10h00	9	1	0	0	1	1	0	0.26	0.006712245
Cat150	Cat	36	1	50	18h00	8	1	0	0	1	1	0	0.26	0.006712245
Cat150	Cat	36	1	50	10h00	7	1	0	0	1	1	0	0.26	0.006712245
Cat150	Cat	36	1	50	18h00	6	1	0	0	1	1	0	0.26	0.006712245
Cat150	Cat	36	1	50	10h00	5	1	0	0	1	1	0	0.26	0.006712245
Cat150	Cat	36	1	50	18h00	4	1	0	0	1	1	0	0.26	0.006712245
Cat150	Cat	36	1	50	10h00	3	1	0	0	1	1	0	0.26	0.006712245
Cat161	Cat	36	20	1	10h00	7	8.75	11.25	6.25	13.75	17.5	2.5	0	0.0077
Cat161	Cat	36	20	1	18h00	6	8.75	11.25	8.75	11.25	12.5	7.5	0	0.0077
Cat161	Cat	36	20	1	10h00	5	7.5	12.5	8.75	11.25	12.5	7.5	0	0.0077
Cat161	Cat	36	20	1	18h00	4	7.5	12.5	12.5	7.5	12.5	7.5	0	0.0077
Cat161	Cat	36	20	1	10h00	3	5	15	15	5	8.75	11.25	0	0.0077
Cat161	Cat	36	20	1	18h00	2	5	15	15	5	8.75	11.25	0	0.0077
Cat161	Cat	36	20	1	10h00	1	5	15	15	5	6.25	13.75	0	0.0077
Cat161	Cat	36	20	1	18h00	10	10	10	2.5	17.5	18.75	1.25	0	0.0077
Cat161	Cat	36	20	1	10h00	9	10	10	2.5	17.5	18.75	1.25	0	0.0077
Cat161	Cat	36	20	1	18h00	8	10	10	3.75	16.25	17.5	2.5	0	0.0077
Cat2021	Cat	36	20	20	10h00	7	20	0	0	20	20	0	0.476190476	0.007809524
Cat2021	Cat	36	20	20	10h00	5	20	0	0	20	20	0	0.476190476	0.007809524
Cat2021	Cat	36	20	20	18h00	4	20	0	0	20	20	0	0.476190476	0.007809524
Cat2021	Cat	36	20	20	18h00	2	17	3	3	17	20	0	0.476190476	0.007809524
Cat2021	Cat	36	20	20	10h00	1	18	2	2	18	19	1	0.476190476	0.007809524
Cat2021	Cat	36	20	20	10h00	9	20	0	0	20	20	0	0.476190476	0.007809524
Cat2021	Cat	36	20	20	18h00	8	20	0	0	20	20	0	0.476190476	0.007809524
Cat2021	Cat	36	20	20	18h00	6	20	0	0	20	20	0	0.476190476	0.007809524
Cat2021	Cat	36	20	20	10h00	3	20	0	0	20	20	0	0.476190476	0.007809524
Cat2021	Cat	36	20	20	18h00	10	20	0	0	20	20	0	0.476190476	0.007809524
Cat205	Cat	36	20	5	18h00	4	16	4	4	16	16	4	0.6	0.0085
Cat205	Cat	36	20	5	10h00	1	9	11	11	9	9	11	0.6	0.0085
Cat205	Cat	36	20	5	18h00	8	20	0	0	20	20	0	0.6	0.0085
Cat205	Cat	36	20	5	10h00	7	20	0	0	20	20	0	0.6	0.0085
Cat205	Cat	36	20	5	18h00	6	18	2	2	18	18	2	0.6	0.0085
Cat205	Cat	36	20	5	10h00	5	18	2	2	18	18	2	0.6	0.0085
Cat205	Cat	36	20	5	10h00	3	15	5	5	15	15	5	0.6	0.0085
Cat205	Cat	36	20	5	18h00	2	14	6	6	14	15	5	0.6	0.0085
Cat205	Cat	36	20	5	18h00	10	20	0	0	20	20	0	0.6	0.0085
Cat205	Cat	36	20	5	10h00	9	20	0	0	20	20	0	0.6	0.0085
Cat2050	Cat	36	20	50	18h00	8	20	0	0	20	20	0	0.34	0.0078
Cat2050	Cat	36	20	50	10h00	7	20	0	0	20	20	0	0.34	0.0078
Cat2050	Cat	36	20	50	18h00	6	19	1	1	19	19	1	0.34	0.0078
Cat2050	Cat	36	20	50	10h00	5	19	1	1	19	19	1	0.34	0.0078
Cat2050	Cat	36	20	50	18h00	4	19	1	1	19	19	1	0.34	0.0078
Cat2050	Cat	36	20	50	10h00	3	19	1	1	19	19	1	0.34	0.0078
Cat2050	Cat	36	20	50	18h00	2	19	1	1	19	19	1	0.34	0.0078
Cat2050	Cat	36	20	50	10h00	1	18	2	2	18	18	2	0.34	0.0078
Cat2050	Cat	36	20	50	18h00	10	20	0	0	20	20	0	0.34	0.0078
Cat2050	Cat	36	20	50	10h00	9	20	0	0	20	20	0	0.34	0.0078
Cat51	Cat	36	5	1	18h00	4	0	5	5	0	1	4	0	0.0086
Cat51	Cat	36	5	1	10h00	3	0	5	5	0	1	4	0	0.0086
Cat51	Cat	36	5	1	18h00	2	0	5	5	0	1	4	0	0.0086
Cat51	Cat	36	5	1	10h00	1	0	5	5	0	1	4	0	0.0086
Cat51	Cat	36	5	1	18h00	10	1	4	4	1	2	3	0	0.0086
Cat51	Cat	36	5	1	10h00	9	1	4	4	1	2	3	0	0.0086
Cat51	Cat	36	5	1	18h00	8	1	4	4	1	2	3	0	0.0086
Cat51	Cat	36	5	1	10h00	7	1	4	4	1	2	3	0	0.0086
Cat51	Cat	36	5	1	18h00	6	0	5	5	0	1	4	0	0.0086
Cat51	Cat	36	5	1	10h00	5	0	5	5	0	1	4	0	0.0086
Cat519	Cat	36	5	20	18h00	4	4	1	1	4	4	1	0.210526316	0.007142105
Cat519	Cat	36	5	20	18h00	2	4	1	1	4	4	1	0.210526316	0.007142105
Cat519	Cat	36	5	20	10h00	1	4	1	1	4	4	1	0.210526316	0.007142105
Cat519	Cat	36	5	20	10h00	9	4	1	1	4	4	1	0.210526316	0.007142105
Cat519	Cat	36	5	20	18h00	8	4	1	1	4	4	1	0.210526316	0.007142105
Cat519	Cat	36	5	20	18h00	6	4	1	1	4	4	1	0.210526316	0.007142105
Cat519	Cat	36	5	20	10h00	5	4	1	1	4	4	1	0.210526316	0.007142105
Cat519	Cat	36	5	20	10h00	3	4	1	1	4	4	1	0.210526316	0.007142105
Cat519	Cat	36	5	20	18h00	10	4	1	1	4	4	1	0.210526316	0.007142105
Cat519	Cat	36	5	20	10h00	7	4	1	1	4	4	1	0.210526316	0.007142105
Cat55	Cat	36	5	5	10h00	1	1	4	4	1	2	3	0.6	0.00802
Cat55	Cat	36	5	5	18h00	8	3	2	1	4	4	1	0.6	0.00802
Cat55	Cat	36	5	5	10h00	5	2	3	3	2	3	2	0.6	0.00802
Cat55	Cat	36	5	5	18h00	4	2	3	3	2	3	2	0.6	0.00802
Cat55	Cat	36	5	5	10h00	3	2	3	3	2	3	2	0.6	0.00802
Cat55	Cat	36	5	5	18h00	2	1	4	4	1	3	2	0.6	0.00802
Cat55	Cat	36	5	5	18h00	10	4	1	1	4	4	1	0.6	0.00802
Cat55	Cat	36	5	5	10h00	9	4	1	1	4	4	1	0.6	0.00802
Cat55	Cat	36	5	5	10h00	7	3	2	1	4	4	1	0.6	0.00802
Cat55	Cat	36	5	5	18h00	6	2	3	3	2	4	1	0.6	0.00802
Cat550	Cat	36	5	50	10h00	5	5	0	0	5	5	0	0.18	0.006881633
Cat550	Cat	36	5	50	18h00	4	5	0	0	5	5	0	0.18	0.006881633
Cat550	Cat	36	5	50	10h00	3	5	0	0	5	5	0	0.18	0.006881633
Cat550	Cat	36	5	50	18h00	2	5	0	0	5	5	0	0.18	0.006881633
Cat550	Cat	36	5	50	10h00	1	5	0	0	5	5	0	0.18	0.006881633
Cat550	Cat	36	5	50	18h00	10	5	0	0	5	5	0	0.18	0.006881633
Cat550	Cat	36	5	50	10h00	9	5	0	0	5	5	0	0.18	0.006881633
Cat550	Cat	36	5	50	18h00	8	5	0	0	5	5	0	0.18	0.006881633
Cat550	Cat	36	5	50	10h00	7	5	0	0	5	5	0	0.18	0.006881633
Cat550	Cat	36	5	50	18h00	6	5	0	0	5	5	0	0.18	0.006881633
IB11	IB	5	1	1	9h00	1	0	1	0	1	1	0	0	0.0094
IB11	IB	5	1	1	17h00	10	1	0	0	1	1	0	0	0.0094
IB11	IB	5	1	1	9h00	9	1	0	0	1	1	0	0	0.0094
IB11	IB	5	1	1	17h00	8	1	0	0	1	1	0	0	0.0094
IB11	IB	5	1	1	9h00	7	1	0	0	1	1	0	0	0.0094
IB11	IB	5	1	1	17h00	6	1	0	0	1	1	0	0	0.0094
IB11	IB	5	1	1	9h00	5	1	0	0	1	1	0	0	0.0094
IB11	IB	5	1	1	17h00	4	0	1	0	1	1	0	0	0.0094
IB11	IB	5	1	1	9h00	3	0	1	0	1	1	0	0	0.0094
IB11	IB	5	1	1	17h00	2	0	1	0	1	1	0	0	0.0094
IB118	IB	5	1	20	9h00	1	1	0	0	1	1	0	0.277777778	0.007144444
IB118	IB	5	1	20	17h00	2	1	0	0	1	1	0	0.277777778	0.007144444
IB118	IB	5	1	20	17h00	8	1	0	0	1	1	0	0.277777778	0.007144444
IB118	IB	5	1	20	9h00	9	1	0	0	1	1	0	0.277777778	0.007144444
IB118	IB	5	1	20	9h00	5	1	0	0	1	1	0	0.277777778	0.007144444
IB118	IB	5	1	20	9h00	3	1	0	0	1	1	0	0.277777778	0.007144444
IB118	IB	5	1	20	17h00	6	1	0	0	1	1	0	0.277777778	0.007144444
IB118	IB	5	1	20	17h00	10	1	0	0	1	1	0	0.277777778	0.007144444
IB118	IB	5	1	20	9h00	7	1	0	0	1	1	0	0.277777778	0.007144444
IB118	IB	5	1	20	17h00	4	1	0	0	1	1	0	0.277777778	0.007144444
IB15	IB	5	1	5	9h00	1	1	0	0	1	1	0	0.6	0.00822
IB15	IB	5	1	5	17h00	8	1	0	0	1	1	0	0.6	0.00822
IB15	IB	5	1	5	17h00	2	1	0	0	1	1	0	0.6	0.00822
IB15	IB	5	1	5	9h00	5	1	0	0	1	1	0	0.6	0.00822
IB15	IB	5	1	5	17h00	10	1	0	0	1	1	0	0.6	0.00822
IB15	IB	5	1	5	9h00	9	1	0	0	1	1	0	0.6	0.00822
IB15	IB	5	1	5	9h00	7	1	0	0	1	1	0	0.6	0.00822
IB15	IB	5	1	5	17h00	6	1	0	0	1	1	0	0.6	0.00822
IB15	IB	5	1	5	17h00	4	1	0	0	1	1	0	0.6	0.00822
IB15	IB	5	1	5	9h00	3	1	0	0	1	1	0	0.6	0.00822
IB150	IB	5	1	50	17h00	2	1	0	0	1	1	0	0.42	0.007226531
IB150	IB	5	1	50	9h00	1	1	0	0	1	1	0	0.42	0.007226531
IB150	IB	5	1	50	9h00	3	1	0	0	1	1	0	0.42	0.007226531
IB150	IB	5	1	50	9h00	9	1	0	0	1	1	0	0.42	0.007226531
IB150	IB	5	1	50	17h00	8	1	0	0	1	1	0	0.42	0.007226531
IB150	IB	5	1	50	17h00	10	1	0	0	1	1	0	0.42	0.007226531
IB150	IB	5	1	50	17h00	6	1	0	0	1	1	0	0.42	0.007226531
IB150	IB	5	1	50	9h00	5	1	0	0	1	1	0	0.42	0.007226531
IB150	IB	5	1	50	17h00	4	1	0	0	1	1	0	0.42	0.007226531
IB150	IB	5	1	50	9h00	7	1	0	0	1	1	0	0.42	0.007226531
IB201	IB	5	20	1	9h00	7	2	18	14	6	9	11	0	0.0085
IB201	IB	5	20	1	9h00	5	2	18	17	3	7	13	0	0.0085
IB201	IB	5	20	1	17h00	4	2	18	18	2	5	15	0	0.0085
IB201	IB	5	20	1	17h00	6	2	18	14	6	8	12	0	0.0085
IB201	IB	5	20	1	17h00	2	2	18	16	4	4	16	0	0.0085
IB201	IB	5	20	1	9h00	1	2	18	18	2	2	18	0	0.0085
IB201	IB	5	20	1	9h00	3	2	18	18	2	5	15	0	0.0085
IB201	IB	5	20	1	9h00	9	4	16	12	8	9	11	0	0.0085
IB201	IB	5	20	1	17h00	8	2	18	13	7	9	11	0	0.0085
IB201	IB	5	20	1	17h00	10	5	15	12	8	9	11	0	0.0085
IB2020	IB	5	20	20	17h00	8	12	8	8	12	13	7	0.45	0.0092
IB2020	IB	5	20	20	9h00	7	12	8	8	12	13	7	0.45	0.0092
IB2020	IB	5	20	20	9h00	5	12	8	8	12	13	7	0.45	0.0092
IB2020	IB	5	20	20	17h00	4	10	10	10	10	10	10	0.45	0.0092
IB2020	IB	5	20	20	17h00	2	8	12	12	8	8	12	0.45	0.0092
IB2020	IB	5	20	20	9h00	1	6	14	14	6	8	12	0.45	0.0092
IB2020	IB	5	20	20	9h00	9	13	7	7	13	14	6	0.45	0.0092
IB2020	IB	5	20	20	17h00	6	12	8	8	12	13	7	0.45	0.0092
IB2020	IB	5	20	20	9h00	3	10	10	10	10	10	10	0.45	0.0092
IB2020	IB	5	20	20	17h00	10	13	7	7	13	14	6	0.45	0.0092
IB2049	IB	5	20	50	9h00	9	20	0	0	20	20	0	0.285714286	0.008
IB2049	IB	5	20	50	17h00	8	20	0	0	20	20	0	0.285714286	0.008
IB2049	IB	5	20	50	17h00	6	20	0	0	20	20	0	0.285714286	0.008
IB2049	IB	5	20	50	9h00	5	20	0	0	20	20	0	0.285714286	0.008
IB2049	IB	5	20	50	9h00	7	20	0	0	20	20	0	0.285714286	0.008
IB2049	IB	5	20	50	9h00	3	19	1	1	19	20	0	0.285714286	0.008
IB2049	IB	5	20	50	17h00	2	18	2	1	19	18	2	0.285714286	0.008
IB2049	IB	5	20	50	17h00	4	19	1	1	19	20	0	0.285714286	0.008
IB2049	IB	5	20	50	17h00	10	20	0	0	20	20	0	0.285714286	0.008
IB2049	IB	5	20	50	9h00	1	17	3	2	18	17	3	0.285714286	0.008
IB205	IB	5	20	5	9h00	7	7	13	9	11	14	6	0	0.00816
IB205	IB	5	20	5	17h00	4	7	13	12	8	10	10	0	0.00816
IB205	IB	5	20	5	9h00	1	2	18	17	3	3	17	0	0.00816
IB205	IB	5	20	5	17h00	8	7	13	8	12	14	6	0	0.00816
IB205	IB	5	20	5	9h00	5	7	13	11	9	10	10	0	0.00816
IB205	IB	5	20	5	17h00	6	7	13	11	9	9	11	0	0.00816
IB205	IB	5	20	5	17h00	2	4	16	13	7	6	14	0	0.00816
IB205	IB	5	20	5	9h00	3	7	13	12	8	8	12	0	0.00816
IB205	IB	5	20	5	9h00	9	7	13	6	14	15	5	0	0.00816
IB205	IB	5	20	5	17h00	10	9	11	4	16	16	4	0	0.00816
IB51	IB	5	5	1	17h00	4	0	5	4	1	2	3	0	0.0106
IB51	IB	5	5	1	9h00	3	0	5	4	1	1	4	0	0.0106
IB51	IB	5	5	1	17h00	2	0	5	2	3	1	4	0	0.0106
IB51	IB	5	5	1	9h00	1	0	5	4	1	1	4	0	0.0106
IB51	IB	5	5	1	17h00	10	1	4	2	3	3	2	0	0.0106
IB51	IB	5	5	1	9h00	9	1	4	2	3	3	2	0	0.0106
IB51	IB	5	5	1	17h00	8	1	4	3	2	3	2	0	0.0106
IB51	IB	5	5	1	9h00	7	1	4	3	2	3	2	0	0.0106
IB51	IB	5	5	1	17h00	6	0	5	4	1	3	2	0	0.0106
IB51	IB	5	5	1	9h00	5	0	5	4	1	3	2	0	0.0106
IB520	IB	5	5	20	17h00	4	5	0	0	5	5	0	0.3	0.00816
IB520	IB	5	5	20	9h00	5	5	0	0	5	5	0	0.3	0.00816
IB520	IB	5	5	20	9h00	1	5	0	0	5	5	0	0.3	0.00816
IB520	IB	5	5	20	17h00	2	5	0	0	5	5	0	0.3	0.00816
IB520	IB	5	5	20	17h00	8	5	0	0	5	5	0	0.3	0.00816
IB520	IB	5	5	20	17h00	6	5	0	0	5	5	0	0.3	0.00816
IB520	IB	5	5	20	9h00	9	5	0	0	5	5	0	0.3	0.00816
IB520	IB	5	5	20	9h00	3	5	0	0	5	5	0	0.3	0.00816
IB520	IB	5	5	20	17h00	10	5	0	0	5	5	0	0.3	0.00816
IB520	IB	5	5	20	9h00	7	5	0	0	5	5	0	0.3	0.00816
IB55	IB	5	5	5	17h00	4	3	2	2	3	3	2	0.6	0.00976
IB55	IB	5	5	5	9h00	1	2	3	3	2	2	3	0.6	0.00976
IB55	IB	5	5	5	9h00	5	3	2	2	3	3	2	0.6	0.00976
IB55	IB	5	5	5	17h00	8	4	1	0	5	4	1	0.6	0.00976
IB55	IB	5	5	5	9h00	3	3	2	2	3	3	2	0.6	0.00976
IB55	IB	5	5	5	17h00	2	2	3	2	3	2	3	0.6	0.00976
IB55	IB	5	5	5	17h00	10	4	1	0	5	4	1	0.6	0.00976
IB55	IB	5	5	5	9h00	9	4	1	0	5	4	1	0.6	0.00976
IB55	IB	5	5	5	9h00	7	4	1	1	4	4	1	0.6	0.00976
IB55	IB	5	5	5	17h00	6	3	2	2	3	3	2	0.6	0.00976
IB550	IB	5	5	50	9h00	5	5	0	0	5	5	0	0.44	0.00736
IB550	IB	5	5	50	17h00	4	5	0	0	5	5	0	0.44	0.00736
IB550	IB	5	5	50	17h00	6	5	0	0	5	5	0	0.44	0.00736
IB550	IB	5	5	50	17h00	2	5	0	0	5	5	0	0.44	0.00736
IB550	IB	5	5	50	9h00	1	4	1	1	4	4	1	0.44	0.00736
IB550	IB	5	5	50	9h00	3	5	0	0	5	5	0	0.44	0.00736
IB550	IB	5	5	50	9h00	9	5	0	0	5	5	0	0.44	0.00736
IB550	IB	5	5	50	17h00	8	5	0	0	5	5	0	0.44	0.00736
IB550	IB	5	5	50	9h00	7	5	0	0	5	5	0	0.44	0.00736
IB550	IB	5	5	50	17h00	10	5	0	0	5	5	0	0.44	0.00736
PEliz11	PEliz	46	1	1	18h00	2	1	0	0	1	1	0	0	0.0076
PEliz11	PEliz	46	1	1	18h00	10	1	0	0	1	1	0	0	0.0076
PEliz11	PEliz	46	1	1	10h00	9	1	0	0	1	1	0	0	0.0076
PEliz11	PEliz	46	1	1	10h00	1	1	0	0	1	1	0	0	0.0076
PEliz11	PEliz	46	1	1	10h00	7	1	0	0	1	1	0	0	0.0076
PEliz11	PEliz	46	1	1	18h00	6	1	0	0	1	1	0	0	0.0076
PEliz11	PEliz	46	1	1	18h00	8	1	0	0	1	1	0	0	0.0076
PEliz11	PEliz	46	1	1	18h00	4	1	0	0	1	1	0	0	0.0076
PEliz11	PEliz	46	1	1	10h00	3	1	0	0	1	1	0	0	0.0076
PEliz11	PEliz	46	1	1	10h00	5	1	0	0	1	1	0	0	0.0076
PEliz121	PEliz	46	1	20	10h00	1	1	0	0	1	1	0	0.19047619	0.006695238
PEliz121	PEliz	46	1	20	18h00	2	1	0	0	1	1	0	0.19047619	0.006695238
PEliz121	PEliz	46	1	20	18h00	8	1	0	0	1	1	0	0.19047619	0.006695238
PEliz121	PEliz	46	1	20	10h00	9	1	0	0	1	1	0	0.19047619	0.006695238
PEliz121	PEliz	46	1	20	10h00	5	1	0	0	1	1	0	0.19047619	0.006695238
PEliz121	PEliz	46	1	20	18h00	6	1	0	0	1	1	0	0.19047619	0.006695238
PEliz121	PEliz	46	1	20	18h00	4	1	0	0	1	1	0	0.19047619	0.006695238
PEliz121	PEliz	46	1	20	10h00	3	1	0	0	1	1	0	0.19047619	0.006695238
PEliz121	PEliz	46	1	20	18h00	10	1	0	0	1	1	0	0.19047619	0.006695238
PEliz121	PEliz	46	1	20	10h00	7	1	0	0	1	1	0	0.19047619	0.006695238
PEliz15	PEliz	46	1	5	10h00	1	1	0	0	1	1	0	0.2	0.00666
PEliz15	PEliz	46	1	5	18h00	8	1	0	0	1	1	0	0.2	0.00666
PEliz15	PEliz	46	1	5	10h00	5	1	0	0	1	1	0	0.2	0.00666
PEliz15	PEliz	46	1	5	10h00	3	1	0	0	1	1	0	0.2	0.00666
PEliz15	PEliz	46	1	5	18h00	10	1	0	0	1	1	0	0.2	0.00666
PEliz15	PEliz	46	1	5	18h00	2	1	0	0	1	1	0	0.2	0.00666
PEliz15	PEliz	46	1	5	10h00	7	1	0	0	1	1	0	0.2	0.00666
PEliz15	PEliz	46	1	5	10h00	9	1	0	0	1	1	0	0.2	0.00666
PEliz15	PEliz	46	1	5	18h00	4	1	0	0	1	1	0	0.2	0.00666
PEliz15	PEliz	46	1	5	18h00	6	1	0	0	1	1	0	0.2	0.00666
PEliz150	PEliz	46	1	50	18h00	2	1	0	0	1	1	0	0.3	0.006596
PEliz150	PEliz	46	1	50	10h00	1	1	0	0	1	1	0	0.3	0.006596
PEliz150	PEliz	46	1	50	10h00	3	1	0	0	1	1	0	0.3	0.006596
PEliz150	PEliz	46	1	50	10h00	9	1	0	0	1	1	0	0.3	0.006596
PEliz150	PEliz	46	1	50	18h00	8	1	0	0	1	1	0	0.3	0.006596
PEliz150	PEliz	46	1	50	18h00	10	1	0	0	1	1	0	0.3	0.006596
PEliz150	PEliz	46	1	50	18h00	6	1	0	0	1	1	0	0.3	0.006596
PEliz150	PEliz	46	1	50	10h00	5	1	0	0	1	1	0	0.3	0.006596
PEliz150	PEliz	46	1	50	10h00	7	1	0	0	1	1	0	0.3	0.006596
PEliz150	PEliz	46	1	50	18h00	4	1	0	0	1	1	0	0.3	0.006596
PEliz201	PEliz	46	20	1	18h00	8	5	15	14	6	7	13	0	0.0079
PEliz201	PEliz	46	20	1	18h00	6	5	15	15	5	5	15	0	0.0079
PEliz201	PEliz	46	20	1	10h00	5	5	15	15	5	5	15	0	0.0079
PEliz201	PEliz	46	20	1	10h00	7	5	15	14	6	6	14	0	0.0079
PEliz201	PEliz	46	20	1	10h00	3	5	15	15	5	5	15	0	0.0079
PEliz201	PEliz	46	20	1	18h00	2	5	15	15	5	5	15	0	0.0079
PEliz201	PEliz	46	20	1	18h00	4	5	15	15	5	5	15	0	0.0079
PEliz201	PEliz	46	20	1	18h00	10	5	15	14	6	7	13	0	0.0079
PEliz201	PEliz	46	20	1	10h00	9	5	15	14	6	7	13	0	0.0079
PEliz201	PEliz	46	20	1	10h00	1	5	15	15	5	5	15	0	0.0079
PEliz2020	PEliz	46	20	20	10h00	7	12	8	6	14	15	5	0.45	0.00855
PEliz2020	PEliz	46	20	20	18h00	8	13	7	5	15	16	4	0.45	0.00855
PEliz2020	PEliz	46	20	20	18h00	4	11	9	8	12	14	6	0.45	0.00855
PEliz2020	PEliz	46	20	20	10h00	5	11	9	7	13	14	6	0.45	0.00855
PEliz2020	PEliz	46	20	20	10h00	1	8	12	12	8	11	9	0.45	0.00855
PEliz2020	PEliz	46	20	20	18h00	2	9	11	11	9	11	9	0.45	0.00855
PEliz2020	PEliz	46	20	20	18h00	10	16	4	3	17	17	3	0.45	0.00855
PEliz2020	PEliz	46	20	20	10h00	9	16	4	3	17	17	3	0.45	0.00855
PEliz2020	PEliz	46	20	20	18h00	6	11	9	7	13	15	5	0.45	0.00855
PEliz2020	PEliz	46	20	20	10h00	3	10	10	10	10	12	8	0.45	0.00855
PEliz2049	PEliz	46	20	50	18h00	8	19	1	1	19	19	1	0.244897959	0.007479592
PEliz2049	PEliz	46	20	50	10h00	7	19	1	1	19	19	1	0.244897959	0.007479592
PEliz2049	PEliz	46	20	50	10h00	9	19	1	1	19	19	1	0.244897959	0.007479592
PEliz2049	PEliz	46	20	50	10h00	5	19	1	1	19	19	1	0.244897959	0.007479592
PEliz2049	PEliz	46	20	50	18h00	4	17	3	3	17	17	3	0.244897959	0.007479592
PEliz2049	PEliz	46	20	50	18h00	6	19	1	1	19	19	1	0.244897959	0.007479592
PEliz2049	PEliz	46	20	50	18h00	2	14	6	6	14	15	5	0.244897959	0.007479592
PEliz2049	PEliz	46	20	50	10h00	1	13	7	7	13	14	6	0.244897959	0.007479592
PEliz2049	PEliz	46	20	50	10h00	3	17	3	3	17	17	3	0.244897959	0.007479592
PEliz2049	PEliz	46	20	50	18h00	10	19	1	1	19	19	1	0.244897959	0.007479592
PEliz205	PEliz	46	20	5	10h00	7	5	15	14	6	9	11	0.4	0.00868
PEliz205	PEliz	46	20	5	18h00	4	2	18	18	2	8	12	0.4	0.00868
PEliz205	PEliz	46	20	5	10h00	1	2	18	18	2	5	15	0.4	0.00868
PEliz205	PEliz	46	20	5	10h00	9	5	15	11	9	10	10	0.4	0.00868
PEliz205	PEliz	46	20	5	18h00	6	4	16	15	5	8	12	0.4	0.00868
PEliz205	PEliz	46	20	5	18h00	8	5	15	13	7	9	11	0.4	0.00868
PEliz205	PEliz	46	20	5	10h00	3	2	18	18	2	8	12	0.4	0.00868
PEliz205	PEliz	46	20	5	10h00	5	2	18	16	4	8	12	0.4	0.00868
PEliz205	PEliz	46	20	5	18h00	10	5	15	11	9	10	10	0.4	0.00868
PEliz205	PEliz	46	20	5	18h00	2	2	18	18	2	5	15	0.4	0.00868
PEliz51	PEliz	46	5	1	10h00	5	0	5	3	2	3	2	0	0.0081
PEliz51	PEliz	46	5	1	10h00	3	0	5	4	1	3	2	0	0.0081
PEliz51	PEliz	46	5	1	18h00	2	0	5	4	1	2	3	0	0.0081
PEliz51	PEliz	46	5	1	18h00	4	0	5	4	1	3	2	0	0.0081
PEliz51	PEliz	46	5	1	18h00	10	0	5	2	3	3	2	0	0.0081
PEliz51	PEliz	46	5	1	10h00	9	0	5	2	3	3	2	0	0.0081
PEliz51	PEliz	46	5	1	10h00	1	0	5	4	1	2	3	0	0.0081
PEliz51	PEliz	46	5	1	10h00	7	0	5	2	3	3	2	0	0.0081
PEliz51	PEliz	46	5	1	18h00	6	0	5	3	2	3	2	0	0.0081
PEliz51	PEliz	46	5	1	18h00	8	0	5	2	3	3	2	0	0.0081
PEliz521	PEliz	46	5	20	18h00	4	5	0	0	5	5	0	0.380952381	0.007614286
PEliz521	PEliz	46	5	20	10h00	5	5	0	0	5	5	0	0.380952381	0.007614286
PEliz521	PEliz	46	5	20	10h00	1	4	1	1	4	4	1	0.380952381	0.007614286
PEliz521	PEliz	46	5	20	18h00	2	5	0	0	5	5	0	0.380952381	0.007614286
PEliz521	PEliz	46	5	20	18h00	8	5	0	0	5	5	0	0.380952381	0.007614286
PEliz521	PEliz	46	5	20	10h00	9	5	0	0	5	5	0	0.380952381	0.007614286
PEliz521	PEliz	46	5	20	10h00	7	5	0	0	5	5	0	0.380952381	0.007614286
PEliz521	PEliz	46	5	20	18h00	6	5	0	0	5	5	0	0.380952381	0.007614286
PEliz521	PEliz	46	5	20	10h00	3	5	0	0	5	5	0	0.380952381	0.007614286
PEliz521	PEliz	46	5	20	18h00	10	5	0	0	5	5	0	0.380952381	0.007614286
PEliz549	PEliz	46	5	50	10h00	5	5	0	0	5	5	0	0.224489796	0.006453061
PEliz549	PEliz	46	5	50	18h00	4	5	0	0	5	5	0	0.224489796	0.006453061
PEliz549	PEliz	46	5	50	18h00	6	5	0	0	5	5	0	0.224489796	0.006453061
PEliz549	PEliz	46	5	50	18h00	2	5	0	0	5	5	0	0.224489796	0.006453061
PEliz549	PEliz	46	5	50	10h00	1	5	0	0	5	5	0	0.224489796	0.006453061
PEliz549	PEliz	46	5	50	10h00	3	5	0	0	5	5	0	0.224489796	0.006453061
PEliz549	PEliz	46	5	50	10h00	9	5	0	0	5	5	0	0.224489796	0.006453061
PEliz549	PEliz	46	5	50	18h00	8	5	0	0	5	5	0	0.224489796	0.006453061
PEliz549	PEliz	46	5	50	18h00	10	5	0	0	5	5	0	0.224489796	0.006453061
PEliz549	PEliz	46	5	50	10h00	7	5	0	0	5	5	0	0.224489796	0.006453061
PEliz55	PEliz	46	5	5	18h00	4	3	2	2	3	4	1	0.4	0.00854
PEliz55	PEliz	46	5	5	10h00	1	2	3	3	2	3	2	0.4	0.00854
PEliz55	PEliz	46	5	5	18h00	8	3	2	2	3	4	1	0.4	0.00854
PEliz55	PEliz	46	5	5	18h00	6	3	2	2	3	4	1	0.4	0.00854
PEliz55	PEliz	46	5	5	10h00	3	3	2	2	3	4	1	0.4	0.00854
PEliz55	PEliz	46	5	5	10h00	5	3	2	2	3	4	1	0.4	0.00854
PEliz55	PEliz	46	5	5	18h00	10	3	2	1	4	4	1	0.4	0.00854
PEliz55	PEliz	46	5	5	18h00	2	2	3	3	2	3	2	0.4	0.00854
PEliz55	PEliz	46	5	5	10h00	7	3	2	2	3	4	1	0.4	0.00854
PEliz55	PEliz	46	5	5	10h00	9	3	2	1	4	4	1	0.4	0.00854
PSuz11	PSuz	10	1	1	9h00	1	0	1	1	0	1	0	1	0.0102
PSuz11	PSuz	10	1	1	17h00	10	1	0	0	1	1	0	1	0.0102
PSuz11	PSuz	10	1	1	9h00	9	1	0	0	1	1	0	1	0.0102
PSuz11	PSuz	10	1	1	17h00	8	1	0	0	1	1	0	1	0.0102
PSuz11	PSuz	10	1	1	9h00	7	1	0	0	1	1	0	1	0.0102
PSuz11	PSuz	10	1	1	17h00	6	1	0	0	1	1	0	1	0.0102
PSuz11	PSuz	10	1	1	9h00	5	1	0	0	1	1	0	1	0.0102
PSuz11	PSuz	10	1	1	17h00	4	1	0	0	1	1	0	1	0.0102
PSuz11	PSuz	10	1	1	9h00	3	1	0	0	1	1	0	1	0.0102
PSuz11	PSuz	10	1	1	17h00	2	0	1	1	0	1	0	1	0.0102
PSuz120	PSuz	10	1	20	9h00	1	1	0	0	1	1	0	0.4	0.00842
PSuz120	PSuz	10	1	20	17h00	2	1	0	0	1	1	0	0.4	0.00842
PSuz120	PSuz	10	1	20	17h00	8	1	0	0	1	1	0	0.4	0.00842
PSuz120	PSuz	10	1	20	9h00	9	1	0	0	1	1	0	0.4	0.00842
PSuz120	PSuz	10	1	20	9h00	5	1	0	0	1	1	0	0.4	0.00842
PSuz120	PSuz	10	1	20	17h00	6	1	0	0	1	1	0	0.4	0.00842
PSuz120	PSuz	10	1	20	9h00	3	1	0	0	1	1	0	0.4	0.00842
PSuz120	PSuz	10	1	20	17h00	10	1	0	0	1	1	0	0.4	0.00842
PSuz120	PSuz	10	1	20	9h00	7	1	0	0	1	1	0	0.4	0.00842
PSuz120	PSuz	10	1	20	17h00	4	1	0	0	1	1	0	0.4	0.00842
PSuz15	PSuz	10	1	5	9h00	1	1	0	0	1	1	0	0.2	0.00818
PSuz15	PSuz	10	1	5	17h00	8	1	0	0	1	1	0	0.2	0.00818
PSuz15	PSuz	10	1	5	9h00	5	1	0	0	1	1	0	0.2	0.00818
PSuz15	PSuz	10	1	5	17h00	2	1	0	0	1	1	0	0.2	0.00818
PSuz15	PSuz	10	1	5	17h00	10	1	0	0	1	1	0	0.2	0.00818
PSuz15	PSuz	10	1	5	9h00	9	1	0	0	1	1	0	0.2	0.00818
PSuz15	PSuz	10	1	5	9h00	7	1	0	0	1	1	0	0.2	0.00818
PSuz15	PSuz	10	1	5	17h00	6	1	0	0	1	1	0	0.2	0.00818
PSuz15	PSuz	10	1	5	17h00	4	1	0	0	1	1	0	0.2	0.00818
PSuz15	PSuz	10	1	5	9h00	3	1	0	0	1	1	0	0.2	0.00818
PSuz150	PSuz	10	1	50	17h00	2	1	0	0	1	1	0	0.22	0.00773
PSuz150	PSuz	10	1	50	9h00	1	1	0	0	1	1	0	0.22	0.00773
PSuz150	PSuz	10	1	50	9h00	3	1	0	0	1	1	0	0.22	0.00773
PSuz150	PSuz	10	1	50	9h00	9	1	0	0	1	1	0	0.22	0.00773
PSuz150	PSuz	10	1	50	17h00	8	1	0	0	1	1	0	0.22	0.00773
PSuz150	PSuz	10	1	50	17h00	10	1	0	0	1	1	0	0.22	0.00773
PSuz150	PSuz	10	1	50	17h00	6	1	0	0	1	1	0	0.22	0.00773
PSuz150	PSuz	10	1	50	9h00	5	1	0	0	1	1	0	0.22	0.00773
PSuz150	PSuz	10	1	50	9h00	7	1	0	0	1	1	0	0.22	0.00773
PSuz150	PSuz	10	1	50	17h00	4	1	0	0	1	1	0	0.22	0.00773
PSuz201	PSuz	10	20	1	9h00	7	15	5	1	19	19	1	0	0.0085
PSuz201	PSuz	10	20	1	17h00	6	14	6	4	16	18	2	0	0.0085
PSuz201	PSuz	10	20	1	9h00	5	13	7	7	13	17	3	0	0.0085
PSuz201	PSuz	10	20	1	17h00	4	13	7	7	13	16	4	0	0.0085
PSuz201	PSuz	10	20	1	9h00	3	13	7	7	13	16	4	0	0.0085
PSuz201	PSuz	10	20	1	17h00	2	13	7	7	13	15	5	0	0.0085
PSuz201	PSuz	10	20	1	9h00	1	12	8	8	12	13	7	0	0.0085
PSuz201	PSuz	10	20	1	17h00	10	15	5	1	19	19	1	0	0.0085
PSuz201	PSuz	10	20	1	9h00	9	15	5	1	19	19	1	0	0.0085
PSuz201	PSuz	10	20	1	17h00	8	15	5	1	19	19	1	0	0.0085
PSuz2020	PSuz	10	20	20	9h00	7	20	0	0	20	20	0	0.25	0.00829
PSuz2020	PSuz	10	20	20	17h00	8	20	0	0	20	20	0	0.25	0.00829
PSuz2020	PSuz	10	20	20	17h00	4	19	1	1	19	20	0	0.25	0.00829
PSuz2020	PSuz	10	20	20	9h00	5	20	0	0	20	20	0	0.25	0.00829
PSuz2020	PSuz	10	20	20	9h00	1	18	2	2	18	18	2	0.25	0.00829
PSuz2020	PSuz	10	20	20	17h00	2	18	2	2	18	19	1	0.25	0.00829
PSuz2020	PSuz	10	20	20	9h00	9	20	0	0	20	20	0	0.25	0.00829
PSuz2020	PSuz	10	20	20	17h00	6	20	0	0	20	20	0	0.25	0.00829
PSuz2020	PSuz	10	20	20	9h00	3	19	1	1	19	20	0	0.25	0.00829
PSuz2020	PSuz	10	20	20	17h00	10	20	0	0	20	20	0	0.25	0.00829
PSuz205	PSuz	10	20	5	9h00	7	18	2	0	20	20	0	0.8	0.01048
PSuz205	PSuz	10	20	5	17h00	4	15	5	5	15	17	3	0.8	0.01048
PSuz205	PSuz	10	20	5	9h00	1	11	9	9	11	11	9	0.8	0.01048
PSuz205	PSuz	10	20	5	17h00	8	19	1	0	20	20	0	0.8	0.01048
PSuz205	PSuz	10	20	5	17h00	6	16	4	2	18	20	0	0.8	0.01048
PSuz205	PSuz	10	20	5	9h00	5	16	4	2	18	20	0	0.8	0.01048
PSuz205	PSuz	10	20	5	9h00	3	15	5	5	15	17	3	0.8	0.01048
PSuz205	PSuz	10	20	5	17h00	2	11	9	9	11	11	9	0.8	0.01048
PSuz205	PSuz	10	20	5	17h00	10	20	0	0	20	20	0	0.8	0.01048
PSuz205	PSuz	10	20	5	9h00	9	20	0	0	20	20	0	0.8	0.01048
PSuz2050	PSuz	10	20	50	17h00	8	20	0	0	20	20	0	0.24	0.008196
PSuz2050	PSuz	10	20	50	9h00	7	20	0	0	20	20	0	0.24	0.008196
PSuz2050	PSuz	10	20	50	9h00	9	20	0	0	20	20	0	0.24	0.008196
PSuz2050	PSuz	10	20	50	9h00	5	20	0	0	20	20	0	0.24	0.008196
PSuz2050	PSuz	10	20	50	17h00	4	20	0	0	20	20	0	0.24	0.008196
PSuz2050	PSuz	10	20	50	17h00	6	20	0	0	20	20	0	0.24	0.008196
PSuz2050	PSuz	10	20	50	17h00	2	20	0	0	20	20	0	0.24	0.008196
PSuz2050	PSuz	10	20	50	9h00	1	18	2	1	19	19	1	0.24	0.008196
PSuz2050	PSuz	10	20	50	9h00	3	20	0	0	20	20	0	0.24	0.008196
PSuz2050	PSuz	10	20	50	17h00	10	20	0	0	20	20	0	0.24	0.008196
PSuz51	PSuz	10	5	1	17h00	4	2	3	3	2	3	2	1	0.0127
PSuz51	PSuz	10	5	1	9h00	3	2	3	3	2	3	2	1	0.0127
PSuz51	PSuz	10	5	1	17h00	2	2	3	3	2	3	2	1	0.0127
PSuz51	PSuz	10	5	1	9h00	1	2	3	3	2	3	2	1	0.0127
PSuz51	PSuz	10	5	1	17h00	10	2	3	3	2	5	0	1	0.0127
PSuz51	PSuz	10	5	1	9h00	9	2	3	3	2	5	0	1	0.0127
PSuz51	PSuz	10	5	1	17h00	8	2	3	3	2	3	2	1	0.0127
PSuz51	PSuz	10	5	1	9h00	7	2	3	3	2	3	2	1	0.0127
PSuz51	PSuz	10	5	1	17h00	6	2	3	3	2	3	2	1	0.0127
PSuz51	PSuz	10	5	1	9h00	5	2	3	3	2	3	2	1	0.0127
PSuz520	PSuz	10	5	20	17h00	4	5	0	0	5	5	0	0.2	0.00848
PSuz520	PSuz	10	5	20	9h00	5	5	0	0	5	5	0	0.2	0.00848
PSuz520	PSuz	10	5	20	9h00	1	5	0	0	5	5	0	0.2	0.00848
PSuz520	PSuz	10	5	20	17h00	2	5	0	0	5	5	0	0.2	0.00848
PSuz520	PSuz	10	5	20	17h00	8	5	0	0	5	5	0	0.2	0.00848
PSuz520	PSuz	10	5	20	9h00	9	5	0	0	5	5	0	0.2	0.00848
PSuz520	PSuz	10	5	20	17h00	6	5	0	0	5	5	0	0.2	0.00848
PSuz520	PSuz	10	5	20	9h00	3	5	0	0	5	5	0	0.2	0.00848
PSuz520	PSuz	10	5	20	17h00	10	5	0	0	5	5	0	0.2	0.00848
PSuz520	PSuz	10	5	20	9h00	7	5	0	0	5	5	0	0.2	0.00848
PSuz549	PSuz	10	5	50	9h00	5	5	0	0	5	5	0	0.204081633	0.00835102
PSuz549	PSuz	10	5	50	17h00	4	5	0	0	5	5	0	0.204081633	0.00835102
PSuz549	PSuz	10	5	50	17h00	6	5	0	0	5	5	0	0.204081633	0.00835102
PSuz549	PSuz	10	5	50	17h00	2	5	0	0	5	5	0	0.204081633	0.00835102
PSuz549	PSuz	10	5	50	9h00	1	5	0	0	5	5	0	0.204081633	0.00835102
PSuz549	PSuz	10	5	50	9h00	3	5	0	0	5	5	0	0.204081633	0.00835102
PSuz549	PSuz	10	5	50	9h00	9	5	0	0	5	5	0	0.204081633	0.00835102
PSuz549	PSuz	10	5	50	17h00	8	5	0	0	5	5	0	0.204081633	0.00835102
PSuz549	PSuz	10	5	50	17h00	10	5	0	0	5	5	0	0.204081633	0.00835102
PSuz549	PSuz	10	5	50	9h00	7	5	0	0	5	5	0	0.204081633	0.00835102
PSuz55	PSuz	10	5	5	17h00	4	5	0	0	5	5	0	0.6	0.01158
PSuz55	PSuz	10	5	5	9h00	1	3	2	2	3	5	0	0.6	0.01158
PSuz55	PSuz	10	5	5	17h00	8	5	0	0	5	5	0	0.6	0.01158
PSuz55	PSuz	10	5	5	9h00	5	5	0	0	5	5	0	0.6	0.01158
PSuz55	PSuz	10	5	5	9h00	3	5	0	0	5	5	0	0.6	0.01158
PSuz55	PSuz	10	5	5	17h00	2	4	1	1	4	5	0	0.6	0.01158
PSuz55	PSuz	10	5	5	17h00	10	5	0	0	5	5	0	0.6	0.01158
PSuz55	PSuz	10	5	5	9h00	9	5	0	0	5	5	0	0.6	0.01158
PSuz55	PSuz	10	5	5	9h00	7	5	0	0	5	5	0	0.6	0.01158
PSuz55	PSuz	10	5	5	17h00	6	5	0	0	5	5	0	0.6	0.01158
Rat11	Rat	8	1	1	9h00	1	0	1	1	0	0	1	0	0.0091
Rat11	Rat	8	1	1	9h00	9	1	0	0	1	1	0	0	0.0091
Rat11	Rat	8	1	1	17h00	8	1	0	0	1	1	0	0	0.0091
Rat11	Rat	8	1	1	17h00	10	1	0	0	1	1	0	0	0.0091
Rat11	Rat	8	1	1	17h00	6	1	0	0	1	1	0	0	0.0091
Rat11	Rat	8	1	1	9h00	5	1	0	0	1	1	0	0	0.0091
Rat11	Rat	8	1	1	9h00	7	1	0	0	1	1	0	0	0.0091
Rat11	Rat	8	1	1	9h00	3	1	0	0	1	1	0	0	0.0091
Rat11	Rat	8	1	1	17h00	2	0	1	1	0	1	0	0	0.0091
Rat11	Rat	8	1	1	17h00	4	1	0	0	1	1	0	0	0.0091
Rat120	Rat	8	1	20	17h00	2	1	0	0	1	1	0	0.15	0.00782
Rat120	Rat	8	1	20	9h00	1	1	0	0	1	1	0	0.15	0.00782
Rat120	Rat	8	1	20	9h00	9	1	0	0	1	1	0	0.15	0.00782
Rat120	Rat	8	1	20	17h00	8	1	0	0	1	1	0	0.15	0.00782
Rat120	Rat	8	1	20	17h00	6	1	0	0	1	1	0	0.15	0.00782
Rat120	Rat	8	1	20	9h00	5	1	0	0	1	1	0	0.15	0.00782
Rat120	Rat	8	1	20	9h00	3	1	0	0	1	1	0	0.15	0.00782
Rat120	Rat	8	1	20	17h00	10	1	0	0	1	1	0	0.15	0.00782
Rat120	Rat	8	1	20	9h00	7	1	0	0	1	1	0	0.15	0.00782
Rat120	Rat	8	1	20	17h00	4	1	0	0	1	1	0	0.15	0.00782
Rat15	Rat	8	1	5	9h00	1	1	0	0	1	1	0	0.4	0.00768
Rat15	Rat	8	1	5	17h00	8	1	0	0	1	1	0	0.4	0.00768
Rat15	Rat	8	1	5	9h00	5	1	0	0	1	1	0	0.4	0.00768
Rat15	Rat	8	1	5	17h00	2	1	0	0	1	1	0	0.4	0.00768
Rat15	Rat	8	1	5	9h00	9	1	0	0	1	1	0	0.4	0.00768
Rat15	Rat	8	1	5	17h00	10	1	0	0	1	1	0	0.4	0.00768
Rat15	Rat	8	1	5	17h00	6	1	0	0	1	1	0	0.4	0.00768
Rat15	Rat	8	1	5	9h00	7	1	0	0	1	1	0	0.4	0.00768
Rat15	Rat	8	1	5	9h00	3	1	0	0	1	1	0	0.4	0.00768
Rat15	Rat	8	1	5	17h00	4	1	0	0	1	1	0	0.4	0.00768
Rat150	Rat	8	1	50	9h00	3	1	0	0	1	1	0	0.22	0.007946939
Rat150	Rat	8	1	50	17h00	2	1	0	0	1	1	0	0.22	0.007946939
Rat150	Rat	8	1	50	17h00	10	1	0	0	1	1	0	0.22	0.007946939
Rat150	Rat	8	1	50	9h00	9	1	0	0	1	1	0	0.22	0.007946939
Rat150	Rat	8	1	50	9h00	1	1	0	0	1	1	0	0.22	0.007946939
Rat150	Rat	8	1	50	9h00	7	1	0	0	1	1	0	0.22	0.007946939
Rat150	Rat	8	1	50	17h00	6	1	0	0	1	1	0	0.22	0.007946939
Rat150	Rat	8	1	50	17h00	8	1	0	0	1	1	0	0.22	0.007946939
Rat150	Rat	8	1	50	17h00	4	1	0	0	1	1	0	0.22	0.007946939
Rat150	Rat	8	1	50	9h00	5	1	0	0	1	1	0	0.22	0.007946939
Rat201	Rat	8	20	1	9h00	7	8	12	10	10	11	9	0	0.0093
Rat201	Rat	8	20	1	9h00	5	5	15	13	7	7	13	0	0.0093
Rat201	Rat	8	20	1	17h00	4	4	16	14	6	4	16	0	0.0093
Rat201	Rat	8	20	1	17h00	6	5	15	13	7	7	13	0	0.0093
Rat201	Rat	8	20	1	17h00	2	4	16	16	4	4	16	0	0.0093
Rat201	Rat	8	20	1	9h00	1	2	18	18	2	2	18	0	0.0093
Rat201	Rat	8	20	1	9h00	3	4	16	15	5	8	12	0	0.0093
Rat201	Rat	8	20	1	9h00	9	8	12	8	12	11	9	0	0.0093
Rat201	Rat	8	20	1	17h00	8	8	12	10	10	11	9	0	0.0093
Rat201	Rat	8	20	1	17h00	10	8	12	7	13	11	9	0	0.0093
Rat2019	Rat	8	20	20	9h00	7	13	7	7	14	14	7	0.157894737	0.009289474
Rat2019	Rat	8	20	20	17h00	8	12	8	7	13	15	5	0.157894737	0.009289474
Rat2019	Rat	8	20	20	17h00	4	8	12	9	11	12	8	0.157894737	0.009289474
Rat2019	Rat	8	20	20	9h00	5	13	7	7	13	14	6	0.157894737	0.009289474
Rat2019	Rat	8	20	20	9h00	1	6	14	14	6	9	11	0.157894737	0.009289474
Rat2019	Rat	8	20	20	17h00	2	9	11	11	9	10	10	0.157894737	0.009289474
Rat2019	Rat	8	20	20	17h00	10	14	6	5	15	15	5	0.157894737	0.009289474
Rat2019	Rat	8	20	20	9h00	9	14	6	5	15	15	5	0.157894737	0.009289474
Rat2019	Rat	8	20	20	17h00	6	13	7	7	13	14	6	0.157894737	0.009289474
Rat2019	Rat	8	20	20	9h00	3	10	10	9	11	12	8	0.157894737	0.009289474
Rat2048	Rat	8	20	50	17h00	8	19	1	1	19	19	1	0.270833333	0.008515217
Rat2048	Rat	8	20	50	9h00	7	19	1	1	19	19	1	0.270833333	0.008515217
Rat2048	Rat	8	20	50	9h00	9	19	1	1	19	19	1	0.270833333	0.008515217
Rat2048	Rat	8	20	50	9h00	5	19	1	1	19	19	1	0.270833333	0.008515217
Rat2048	Rat	8	20	50	17h00	4	17	3	2	18	18	2	0.270833333	0.008515217
Rat2048	Rat	8	20	50	17h00	6	19	1	1	19	19	1	0.270833333	0.008515217
Rat2048	Rat	8	20	50	17h00	2	15	5	5	15	15	5	0.270833333	0.008515217
Rat2048	Rat	8	20	50	9h00	1	15	5	5	15	15	5	0.270833333	0.008515217
Rat2048	Rat	8	20	50	9h00	3	17	3	3	17	17	3	0.270833333	0.008515217
Rat2048	Rat	8	20	50	17h00	10	19	1	1	19	19	1	0.270833333	0.008515217
Rat205	Rat	8	20	5	9h00	7	7	13	13	7	7	13	0.4	0.01124
Rat205	Rat	8	20	5	17h00	4	4	16	16	4	4	16	0.4	0.01124
Rat205	Rat	8	20	5	9h00	1	3	17	17	3	3	17	0.4	0.01124
Rat205	Rat	8	20	5	17h00	8	7	13	13	7	7	13	0.4	0.01124
Rat205	Rat	8	20	5	17h00	10	7	13	13	7	8	12	0.4	0.01124
Rat205	Rat	8	20	5	9h00	5	6	14	14	6	7	13	0.4	0.01124
Rat205	Rat	8	20	5	17h00	6	6	14	14	6	7	13	0.4	0.01124
Rat205	Rat	8	20	5	17h00	2	3	17	17	3	3	17	0.4	0.01124
Rat205	Rat	8	20	5	9h00	3	4	16	16	4	4	16	0.4	0.01124
Rat205	Rat	8	20	5	9h00	9	7	13	13	7	7	13	0.4	0.01124
Rat51	Rat	8	5	1	17h00	4	1	4	3	2	3	2	0	0.0089
Rat51	Rat	8	5	1	17h00	2	0	5	4	1	2	3	0	0.0089
Rat51	Rat	8	5	1	9h00	1	0	5	3	2	0	5	0	0.0089
Rat51	Rat	8	5	1	9h00	3	0	5	4	1	2	3	0	0.0089
Rat51	Rat	8	5	1	9h00	9	2	3	2	3	3	2	0	0.0089
Rat51	Rat	8	5	1	17h00	8	2	3	2	3	3	2	0	0.0089
Rat51	Rat	8	5	1	17h00	10	2	3	2	3	3	2	0	0.0089
Rat51	Rat	8	5	1	17h00	6	2	3	3	2	3	2	0	0.0089
Rat51	Rat	8	5	1	9h00	5	2	3	3	2	3	2	0	0.0089
Rat51	Rat	8	5	1	9h00	7	2	3	2	3	3	2	0	0.0089
Rat519	Rat	8	5	20	9h00	5	5	0	0	5	5	0	0.263157895	0.008316667
Rat519	Rat	8	5	20	17h00	4	5	0	0	5	5	0	0.263157895	0.008316667
Rat519	Rat	8	5	20	17h00	2	5	0	0	5	5	0	0.263157895	0.008316667
Rat519	Rat	8	5	20	9h00	1	5	0	0	5	5	0	0.263157895	0.008316667
Rat519	Rat	8	5	20	9h00	9	5	0	0	5	5	0	0.263157895	0.008316667
Rat519	Rat	8	5	20	17h00	8	5	0	0	5	5	0	0.263157895	0.008316667
Rat519	Rat	8	5	20	17h00	6	5	0	0	5	5	0	0.263157895	0.008316667
Rat519	Rat	8	5	20	9h00	3	5	0	0	5	5	0	0.263157895	0.008316667
Rat519	Rat	8	5	20	17h00	10	5	0	0	5	5	0	0.263157895	0.008316667
Rat519	Rat	8	5	20	9h00	7	5	0	0	5	5	0	0.263157895	0.008316667
Rat55	Rat	8	5	5	17h00	4	3	2	1	4	3	2	0	0.00934
Rat55	Rat	8	5	5	9h00	1	2	3	3	2	3	2	0	0.00934
Rat55	Rat	8	5	5	17h00	8	3	2	1	4	4	1	0	0.00934
Rat55	Rat	8	5	5	9h00	5	3	2	2	3	4	1	0	0.00934
Rat55	Rat	8	5	5	17h00	2	2	3	3	2	3	2	0	0.00934
Rat55	Rat	8	5	5	9h00	3	2	3	3	2	3	2	0	0.00934
Rat55	Rat	8	5	5	9h00	9	4	1	1	4	4	1	0	0.00934
Rat55	Rat	8	5	5	17h00	10	4	1	1	4	4	1	0	0.00934
Rat55	Rat	8	5	5	17h00	6	3	2	2	3	4	1	0	0.00934
Rat55	Rat	8	5	5	9h00	7	3	2	2	3	4	1	0	0.00934
Rat550	Rat	8	5	50	17h00	6	4	1	1	4	4	1	0.22	0.00757551
Rat550	Rat	8	5	50	9h00	5	4	1	1	4	4	1	0.22	0.00757551
Rat550	Rat	8	5	50	9h00	3	4	1	1	4	4	1	0.22	0.00757551
Rat550	Rat	8	5	50	17h00	2	4	1	1	4	4	1	0.22	0.00757551
Rat550	Rat	8	5	50	17h00	4	4	1	1	4	4	1	0.22	0.00757551
Rat550	Rat	8	5	50	17h00	10	4	1	1	4	4	1	0.22	0.00757551
Rat550	Rat	8	5	50	9h00	9	4	1	1	4	4	1	0.22	0.00757551
Rat550	Rat	8	5	50	9h00	1	4	1	1	4	4	1	0.22	0.00757551
Rat550	Rat	8	5	50	9h00	7	4	1	1	4	4	1	0.22	0.00757551
Rat550	Rat	8	5	50	17h00	8	4	1	1	4	4	1	0.22	0.00757551
